data:
  features_dir: ./features
  image_size: 336
  infer_stride: 128
  labels_dir: ./sample_codes/galar_dataset/Labels
  root_dir: ./sample_codes/galar_dataset
  stride: 256
  window_size: 512
inference:
  batch_size: 1
  checkpoint: ./checkpoints/best_model.pth
  output_dir: ./results
  smooth_window: 5
  threshold: 0.3
model:
  attn_window: 32
  dinov2_model: dinov2_vits14
  dropout: 0.1
  feat_dim: 384
  hidden_dim: 512
  max_seq_len: 512
  n_heads: 8
  n_layers: 2
  sim_threshold: 0.552995059428913
training:
  anatomy_cluster_loss_weight: 0.2915123034832654
  anatomy_loss_weight: 1.0
  anatomy_proto_momentum: 0.99
  asl_clip: 0.05
  asl_gamma_neg: 4.0826268076949015
  asl_gamma_pos: 1.6033063310397144
  batch_size: 4
  device: cuda
  feat_noise_std: 0.00031214693017253374
  focal_alpha: 0.75
  focal_gamma: 2.0
  grad_clip: 5.0
  ileocecal_boost: 2.0631648620593896
  log_interval: 10
  lr: 9.555924190518623e-05
  lr_anatomy_mul: 0.524871476007988
  lr_pathology_mul: 2.07943290130342
  mask_ratio: 0.15
  mixup_alpha: 0.0
  mixup_prob: 0.0
  num_epochs: 200
  num_workers: 4
  pathology_loss_weight: 3.788583439929992
  proto_loss_weight: 0.1
  proto_momentum: 0.99
  pylorus_boost: 2.0053117218018657
  save_dir: ./checkpoints
  seed: 42
  smooth_loss_weight: 0.17927264990803807
  transition_loss_boost: 2.3518380437661524
  val_ratio: 0.2
  warmstart_checkpoint: ''
  warmup_epochs: 5
  weight_decay: 0.0001
  zline_boost: 2.206617121893473
